{
 "cells": [
  {
   "cell_type": "markdown",
   "id": "581d5101-1a1c-4b49-ab95-d572d2b547a5",
   "metadata": {},
   "source": [
    "## Remake dataset moving in xy direction (replicate of Mar13)"
   ]
  },
  {
   "cell_type": "code",
   "execution_count": 1,
   "id": "ec380d93-f2f6-41e3-8edf-3a1aec04a9c7",
   "metadata": {},
   "outputs": [],
   "source": [
    "import matplotlib.pyplot as plt\n",
    "import numpy as np\n",
    "import glob\n",
    "import imageio.v2 as imageio\n",
    "import json\n",
    "np.set_printoptions(threshold=np.inf)"
   ]
  },
  {
   "cell_type": "code",
   "execution_count": 15,
   "id": "55dfe07b-5c96-4f19-9385-243183ce84a5",
   "metadata": {
    "scrolled": true,
    "tags": []
   },
   "outputs": [
    {
     "name": "stdout",
     "output_type": "stream",
     "text": [
      "[[-9.99902189e-01  4.19224519e-03 -1.33457193e-02 -5.37983216e-02]\n",
      " [-1.39886811e-02 -2.99659073e-01  9.53943670e-01  3.84547043e+00]\n",
      " [-4.65661287e-10  9.54037189e-01  2.99688309e-01  1.20808232e+00]\n",
      " [ 0.00000000e+00  0.00000000e+00  0.00000000e+00  1.00000000e+00]]\n",
      "[[-9.99902189e-01 -1.39886811e-02 -4.65661287e-10  0.00000000e+00]] [[ 0.00419225 -0.29965907  0.95403719  0.        ]]\n",
      "[[ 0.39828398  0.1254591  -0.38161488 -0.        ]]\n",
      "-0.4 -0.4\n",
      "[[-9.99902189e-01  4.19224519e-03 -1.33457193e-02  3.44485656e-01]\n",
      " [-1.39886811e-02 -2.99659073e-01  9.53943670e-01  3.97092953e+00]\n",
      " [-4.65661287e-10  9.54037189e-01  2.99688309e-01  8.26467443e-01]\n",
      " [ 0.00000000e+00  0.00000000e+00  0.00000000e+00  1.00000000e+00]]\n",
      "[[ 0.39940191  0.04555002 -0.12720496 -0.        ]]\n",
      "-0.4 -0.13333333333333336\n",
      "[[-9.99902189e-01  4.19224519e-03 -1.33457193e-02  3.45603588e-01]\n",
      " [-1.39886811e-02 -2.99659073e-01  9.53943670e-01  3.89102044e+00]\n",
      " [-4.65661287e-10  9.54037189e-01  2.99688309e-01  1.08087736e+00]\n",
      " [ 0.00000000e+00  0.00000000e+00  0.00000000e+00  1.00000000e+00]]\n",
      "[[ 0.40051984 -0.03435907  0.12720496  0.        ]]\n",
      "-0.4 0.1333333333333333\n",
      "[[-9.99902189e-01  4.19224519e-03 -1.33457193e-02  3.46721520e-01]\n",
      " [-1.39886811e-02 -2.99659073e-01  9.53943670e-01  3.81111136e+00]\n",
      " [-4.65661287e-10  9.54037189e-01  2.99688309e-01  1.33528728e+00]\n",
      " [ 0.00000000e+00  0.00000000e+00  0.00000000e+00  1.00000000e+00]]\n",
      "[[ 0.40163777 -0.11426816  0.38161488  0.        ]]\n",
      "-0.4 0.4\n",
      "[[-9.99902189e-01  4.19224519e-03 -1.33457193e-02  3.47839452e-01]\n",
      " [-1.39886811e-02 -2.99659073e-01  9.53943670e-01  3.73120227e+00]\n",
      " [-4.65661287e-10  9.54037189e-01  2.99688309e-01  1.58969719e+00]\n",
      " [ 0.00000000e+00  0.00000000e+00  0.00000000e+00  1.00000000e+00]]\n",
      "[[ 0.13164339  0.12172879 -0.38161488 -0.        ]]\n",
      "-0.13333333333333336 -0.4\n",
      "[[-9.99902189e-01  4.19224519e-03 -1.33457193e-02  7.78450721e-02]\n",
      " [-1.39886811e-02 -2.99659073e-01  9.53943670e-01  3.96719922e+00]\n",
      " [-4.65661287e-10  9.54037189e-01  2.99688309e-01  8.26467443e-01]\n",
      " [ 0.00000000e+00  0.00000000e+00  0.00000000e+00  1.00000000e+00]]\n",
      "[[ 0.13276133  0.0418197  -0.12720496 -0.        ]]\n",
      "-0.13333333333333336 -0.13333333333333336\n",
      "[[-9.99902189e-01  4.19224519e-03 -1.33457193e-02  7.89630042e-02]\n",
      " [-1.39886811e-02 -2.99659073e-01  9.53943670e-01  3.88729013e+00]\n",
      " [-4.65661287e-10  9.54037189e-01  2.99688309e-01  1.08087736e+00]\n",
      " [ 0.00000000e+00  0.00000000e+00  0.00000000e+00  1.00000000e+00]]\n",
      "[[ 0.13387926 -0.03808939  0.12720496  0.        ]]\n",
      "-0.13333333333333336 0.1333333333333333\n",
      "[[-9.99902189e-01  4.19224519e-03 -1.33457193e-02  8.00809362e-02]\n",
      " [-1.39886811e-02 -2.99659073e-01  9.53943670e-01  3.80738104e+00]\n",
      " [-4.65661287e-10  9.54037189e-01  2.99688309e-01  1.33528728e+00]\n",
      " [ 0.00000000e+00  0.00000000e+00  0.00000000e+00  1.00000000e+00]]\n",
      "[[ 0.13499719 -0.11799847  0.38161488  0.        ]]\n",
      "-0.13333333333333336 0.4\n",
      "[[-9.99902189e-01  4.19224519e-03 -1.33457193e-02  8.11988683e-02]\n",
      " [-1.39886811e-02 -2.99659073e-01  9.53943670e-01  3.72747196e+00]\n",
      " [-4.65661287e-10  9.54037189e-01  2.99688309e-01  1.58969719e+00]\n",
      " [ 0.00000000e+00  0.00000000e+00  0.00000000e+00  1.00000000e+00]]\n",
      "[[-0.13499719  0.11799847 -0.38161488  0.        ]]\n",
      "0.1333333333333333 -0.4\n",
      "[[-9.99902189e-01  4.19224519e-03 -1.33457193e-02 -1.88795512e-01]\n",
      " [-1.39886811e-02 -2.99659073e-01  9.53943670e-01  3.96346890e+00]\n",
      " [-4.65661287e-10  9.54037189e-01  2.99688309e-01  8.26467442e-01]\n",
      " [ 0.00000000e+00  0.00000000e+00  0.00000000e+00  1.00000000e+00]]\n",
      "[[-0.13387926  0.03808939 -0.12720496  0.        ]]\n",
      "0.1333333333333333 -0.13333333333333336\n",
      "[[-9.99902189e-01  4.19224519e-03 -1.33457193e-02 -1.87677579e-01]\n",
      " [-1.39886811e-02 -2.99659073e-01  9.53943670e-01  3.88355981e+00]\n",
      " [-4.65661287e-10  9.54037189e-01  2.99688309e-01  1.08087736e+00]\n",
      " [ 0.00000000e+00  0.00000000e+00  0.00000000e+00  1.00000000e+00]]\n",
      "[[-0.13276133 -0.0418197   0.12720496  0.        ]]\n",
      "0.1333333333333333 0.1333333333333333\n",
      "[[-9.99902189e-01  4.19224519e-03 -1.33457193e-02 -1.86559647e-01]\n",
      " [-1.39886811e-02 -2.99659073e-01  9.53943670e-01  3.80365073e+00]\n",
      " [-4.65661287e-10  9.54037189e-01  2.99688309e-01  1.33528728e+00]\n",
      " [ 0.00000000e+00  0.00000000e+00  0.00000000e+00  1.00000000e+00]]\n",
      "[[-0.13164339 -0.12172879  0.38161488  0.        ]]\n",
      "0.1333333333333333 0.4\n",
      "[[-9.99902189e-01  4.19224519e-03 -1.33457193e-02 -1.85441715e-01]\n",
      " [-1.39886811e-02 -2.99659073e-01  9.53943670e-01  3.72374164e+00]\n",
      " [-4.65661287e-10  9.54037189e-01  2.99688309e-01  1.58969719e+00]\n",
      " [ 0.00000000e+00  0.00000000e+00  0.00000000e+00  1.00000000e+00]]\n",
      "[[-0.40163777  0.11426816 -0.38161488  0.        ]]\n",
      "0.4 -0.4\n",
      "[[-9.99902189e-01  4.19224519e-03 -1.33457193e-02 -4.55436095e-01]\n",
      " [-1.39886811e-02 -2.99659073e-01  9.53943670e-01  3.95973859e+00]\n",
      " [-4.65661287e-10  9.54037189e-01  2.99688309e-01  8.26467442e-01]\n",
      " [ 0.00000000e+00  0.00000000e+00  0.00000000e+00  1.00000000e+00]]\n",
      "[[-0.40051984  0.03435907 -0.12720496  0.        ]]\n",
      "0.4 -0.13333333333333336\n",
      "[[-9.99902189e-01  4.19224519e-03 -1.33457193e-02 -4.54318163e-01]\n",
      " [-1.39886811e-02 -2.99659073e-01  9.53943670e-01  3.87982950e+00]\n",
      " [-4.65661287e-10  9.54037189e-01  2.99688309e-01  1.08087736e+00]\n",
      " [ 0.00000000e+00  0.00000000e+00  0.00000000e+00  1.00000000e+00]]\n",
      "[[-0.39940191 -0.04555002  0.12720496  0.        ]]\n",
      "0.4 0.1333333333333333\n",
      "[[-9.99902189e-01  4.19224519e-03 -1.33457193e-02 -4.53200231e-01]\n",
      " [-1.39886811e-02 -2.99659073e-01  9.53943670e-01  3.79992041e+00]\n",
      " [-4.65661287e-10  9.54037189e-01  2.99688309e-01  1.33528728e+00]\n",
      " [ 0.00000000e+00  0.00000000e+00  0.00000000e+00  1.00000000e+00]]\n",
      "[[-0.39828398 -0.1254591   0.38161488  0.        ]]\n",
      "0.4 0.4\n",
      "[[-9.99902189e-01  4.19224519e-03 -1.33457193e-02 -4.52082299e-01]\n",
      " [-1.39886811e-02 -2.99659073e-01  9.53943670e-01  3.72001133e+00]\n",
      " [-4.65661287e-10  9.54037189e-01  2.99688309e-01  1.58969719e+00]\n",
      " [ 0.00000000e+00  0.00000000e+00  0.00000000e+00  1.00000000e+00]]\n",
      "[[ 5.21866739e-01  1.86844245e-01 -8.32312644e-01 -3.35515952e+00]\n",
      " [-8.53027046e-01  1.14307962e-01 -5.09194016e-01 -2.05262685e+00]\n",
      " [-7.45058060e-09  9.75716650e-01  2.19036683e-01  8.82965088e-01]\n",
      " [ 0.00000000e+00  0.00000000e+00  0.00000000e+00  1.00000000e+00]]\n",
      "[[ 5.21866739e-01 -8.53027046e-01 -7.45058060e-09  0.00000000e+00]] [[0.18684424 0.11430796 0.97571665 0.        ]]\n",
      "[[-0.28348439  0.29548763 -0.39028666 -0.        ]]\n",
      "-0.4 -0.4\n",
      "[[ 5.21866739e-01  1.86844245e-01 -8.32312644e-01 -3.63864391e+00]\n",
      " [-8.53027046e-01  1.14307962e-01 -5.09194016e-01 -1.75713921e+00]\n",
      " [-7.45058060e-09  9.75716650e-01  2.19036683e-01  4.92678431e-01]\n",
      " [ 0.00000000e+00  0.00000000e+00  0.00000000e+00  1.00000000e+00]]\n",
      "[[-0.23365926  0.32596976 -0.13009555 -0.        ]]\n",
      "-0.4 -0.13333333333333336\n",
      "[[ 5.21866739e-01  1.86844245e-01 -8.32312644e-01 -3.58881878e+00]\n",
      " [-8.53027046e-01  1.14307962e-01 -5.09194016e-01 -1.72665709e+00]\n",
      " [-7.45058060e-09  9.75716650e-01  2.19036683e-01  7.52869537e-01]\n",
      " [ 0.00000000e+00  0.00000000e+00  0.00000000e+00  1.00000000e+00]]\n",
      "[[-0.18383413  0.35645188  0.13009556  0.        ]]\n",
      "-0.4 0.1333333333333333\n",
      "[[ 5.21866739e-01  1.86844245e-01 -8.32312644e-01 -3.53899365e+00]\n",
      " [-8.53027046e-01  1.14307962e-01 -5.09194016e-01 -1.69617497e+00]\n",
      " [-7.45058060e-09  9.75716650e-01  2.19036683e-01  1.01306064e+00]\n",
      " [ 0.00000000e+00  0.00000000e+00  0.00000000e+00  1.00000000e+00]]\n",
      "[[-0.134009    0.386934    0.39028666  0.        ]]\n",
      "-0.4 0.4\n",
      "[[ 5.21866739e-01  1.86844245e-01 -8.32312644e-01 -3.48916852e+00]\n",
      " [-8.53027046e-01  1.14307962e-01 -5.09194016e-01 -1.66569284e+00]\n",
      " [-7.45058060e-09  9.75716650e-01  2.19036683e-01  1.27325175e+00]\n",
      " [ 0.00000000e+00  0.00000000e+00  0.00000000e+00  1.00000000e+00]]\n",
      "[[-0.14431993  0.06801375 -0.39028666 -0.        ]]\n",
      "-0.13333333333333336 -0.4\n",
      "[[ 5.21866739e-01  1.86844245e-01 -8.32312644e-01 -3.49947945e+00]\n",
      " [-8.53027046e-01  1.14307962e-01 -5.09194016e-01 -1.98461309e+00]\n",
      " [-7.45058060e-09  9.75716650e-01  2.19036683e-01  4.92678429e-01]\n",
      " [ 0.00000000e+00  0.00000000e+00  0.00000000e+00  1.00000000e+00]]\n",
      "[[-0.0944948   0.09849588 -0.13009555 -0.        ]]\n",
      "-0.13333333333333336 -0.13333333333333336\n",
      "[[ 5.21866739e-01  1.86844245e-01 -8.32312644e-01 -3.44965432e+00]\n",
      " [-8.53027046e-01  1.14307962e-01 -5.09194016e-01 -1.95413097e+00]\n",
      " [-7.45058060e-09  9.75716650e-01  2.19036683e-01  7.52869535e-01]\n",
      " [ 0.00000000e+00  0.00000000e+00  0.00000000e+00  1.00000000e+00]]\n",
      "[[-0.04466967  0.128978    0.13009555  0.        ]]\n",
      "-0.13333333333333336 0.1333333333333333\n",
      "[[ 5.21866739e-01  1.86844245e-01 -8.32312644e-01 -3.39982919e+00]\n",
      " [-8.53027046e-01  1.14307962e-01 -5.09194016e-01 -1.92364885e+00]\n",
      " [-7.45058060e-09  9.75716650e-01  2.19036683e-01  1.01306064e+00]\n",
      " [ 0.00000000e+00  0.00000000e+00  0.00000000e+00  1.00000000e+00]]\n",
      "[[0.00515547 0.15946012 0.39028666 0.        ]]\n",
      "-0.13333333333333336 0.4\n",
      "[[ 5.21866739e-01  1.86844245e-01 -8.32312644e-01 -3.35000406e+00]\n",
      " [-8.53027046e-01  1.14307962e-01 -5.09194016e-01 -1.89316672e+00]\n",
      " [-7.45058060e-09  9.75716650e-01  2.19036683e-01  1.27325175e+00]\n",
      " [ 0.00000000e+00  0.00000000e+00  0.00000000e+00  1.00000000e+00]]\n",
      "[[-0.00515547 -0.15946012 -0.39028666  0.        ]]\n",
      "0.1333333333333333 -0.4\n",
      "[[ 5.21866739e-01  1.86844245e-01 -8.32312644e-01 -3.36031499e+00]\n",
      " [-8.53027046e-01  1.14307962e-01 -5.09194016e-01 -2.21208697e+00]\n",
      " [-7.45058060e-09  9.75716650e-01  2.19036683e-01  4.92678427e-01]\n",
      " [ 0.00000000e+00  0.00000000e+00  0.00000000e+00  1.00000000e+00]]\n",
      "[[ 0.04466967 -0.128978   -0.13009555  0.        ]]\n",
      "0.1333333333333333 -0.13333333333333336\n",
      "[[ 5.21866739e-01  1.86844245e-01 -8.32312644e-01 -3.31048986e+00]\n",
      " [-8.53027046e-01  1.14307962e-01 -5.09194016e-01 -2.18160485e+00]\n",
      " [-7.45058060e-09  9.75716650e-01  2.19036683e-01  7.52869533e-01]\n",
      " [ 0.00000000e+00  0.00000000e+00  0.00000000e+00  1.00000000e+00]]\n",
      "[[ 0.0944948  -0.09849588  0.13009555  0.        ]]\n",
      "0.1333333333333333 0.1333333333333333\n",
      "[[ 5.21866739e-01  1.86844245e-01 -8.32312644e-01 -3.26066472e+00]\n",
      " [-8.53027046e-01  1.14307962e-01 -5.09194016e-01 -2.15112273e+00]\n",
      " [-7.45058060e-09  9.75716650e-01  2.19036683e-01  1.01306064e+00]\n",
      " [ 0.00000000e+00  0.00000000e+00  0.00000000e+00  1.00000000e+00]]\n",
      "[[ 0.14431993 -0.06801375  0.39028666  0.        ]]\n",
      "0.1333333333333333 0.4\n",
      "[[ 5.21866739e-01  1.86844245e-01 -8.32312644e-01 -3.21083959e+00]\n",
      " [-8.53027046e-01  1.14307962e-01 -5.09194016e-01 -2.12064060e+00]\n",
      " [-7.45058060e-09  9.75716650e-01  2.19036683e-01  1.27325175e+00]\n",
      " [ 0.00000000e+00  0.00000000e+00  0.00000000e+00  1.00000000e+00]]\n",
      "[[ 0.134009   -0.386934   -0.39028666  0.        ]]\n",
      "0.4 -0.4\n",
      "[[ 5.21866739e-01  1.86844245e-01 -8.32312644e-01 -3.22115052e+00]\n",
      " [-8.53027046e-01  1.14307962e-01 -5.09194016e-01 -2.43956085e+00]\n",
      " [-7.45058060e-09  9.75716650e-01  2.19036683e-01  4.92678425e-01]\n",
      " [ 0.00000000e+00  0.00000000e+00  0.00000000e+00  1.00000000e+00]]\n",
      "[[ 0.18383413 -0.35645188 -0.13009556  0.        ]]\n",
      "0.4 -0.13333333333333336\n",
      "[[ 5.21866739e-01  1.86844245e-01 -8.32312644e-01 -3.17132539e+00]\n",
      " [-8.53027046e-01  1.14307962e-01 -5.09194016e-01 -2.40907873e+00]\n",
      " [-7.45058060e-09  9.75716650e-01  2.19036683e-01  7.52869532e-01]\n",
      " [ 0.00000000e+00  0.00000000e+00  0.00000000e+00  1.00000000e+00]]\n",
      "[[ 0.23365926 -0.32596976  0.13009555  0.        ]]\n",
      "0.4 0.1333333333333333\n",
      "[[ 5.21866739e-01  1.86844245e-01 -8.32312644e-01 -3.12150026e+00]\n",
      " [-8.53027046e-01  1.14307962e-01 -5.09194016e-01 -2.37859660e+00]\n",
      " [-7.45058060e-09  9.75716650e-01  2.19036683e-01  1.01306064e+00]\n",
      " [ 0.00000000e+00  0.00000000e+00  0.00000000e+00  1.00000000e+00]]\n",
      "[[ 0.28348439 -0.29548763  0.39028666  0.        ]]\n",
      "0.4 0.4\n",
      "[[ 5.21866739e-01  1.86844245e-01 -8.32312644e-01 -3.07167513e+00]\n",
      " [-8.53027046e-01  1.14307962e-01 -5.09194016e-01 -2.34811448e+00]\n",
      " [-7.45058060e-09  9.75716650e-01  2.19036683e-01  1.27325175e+00]\n",
      " [ 0.00000000e+00  0.00000000e+00  0.00000000e+00  1.00000000e+00]]\n",
      "[[ 8.42273116e-01 -2.56160110e-01  4.74297345e-01  1.91195393e+00]\n",
      " [ 5.39050996e-01  4.00252938e-01 -7.41094768e-01 -2.98744869e+00]\n",
      " [ 1.49011612e-08  8.79874766e-01  4.75205660e-01  1.91561544e+00]\n",
      " [ 0.00000000e+00  0.00000000e+00  0.00000000e+00  1.00000000e+00]]\n",
      "[[8.42273116e-01 5.39050996e-01 1.49011612e-08 0.00000000e+00]] [[-0.25616011  0.40025294  0.87987477  0.        ]]\n",
      "[[-0.2344452  -0.37572157 -0.35194991 -0.        ]]\n",
      "-0.4 -0.4\n",
      "[[ 8.42273116e-01 -2.56160110e-01  4.74297345e-01  1.67750872e+00]\n",
      " [ 5.39050996e-01  4.00252938e-01 -7.41094768e-01 -3.36317027e+00]\n",
      " [ 1.49011612e-08  8.79874766e-01  4.75205660e-01  1.56366553e+00]\n",
      " [ 0.00000000e+00  0.00000000e+00  0.00000000e+00  1.00000000e+00]]\n",
      "[[-0.30275457 -0.26898746 -0.11731664 -0.        ]]\n",
      "-0.4 -0.13333333333333336\n",
      "[[ 8.42273116e-01 -2.56160110e-01  4.74297345e-01  1.60919936e+00]\n",
      " [ 5.39050996e-01  4.00252938e-01 -7.41094768e-01 -3.25643615e+00]\n",
      " [ 1.49011612e-08  8.79874766e-01  4.75205660e-01  1.79829880e+00]\n",
      " [ 0.00000000e+00  0.00000000e+00  0.00000000e+00  1.00000000e+00]]\n",
      "[[-0.37106393 -0.16225334  0.11731663  0.        ]]\n",
      "-0.4 0.1333333333333333\n",
      "[[ 8.42273116e-01 -2.56160110e-01  4.74297345e-01  1.54089000e+00]\n",
      " [ 5.39050996e-01  4.00252938e-01 -7.41094768e-01 -3.14970203e+00]\n",
      " [ 1.49011612e-08  8.79874766e-01  4.75205660e-01  2.03293207e+00]\n",
      " [ 0.00000000e+00  0.00000000e+00  0.00000000e+00  1.00000000e+00]]\n",
      "[[-0.43937329 -0.05551922  0.3519499   0.        ]]\n",
      "-0.4 0.4\n",
      "[[ 8.42273116e-01 -2.56160110e-01  4.74297345e-01  1.47258064e+00]\n",
      " [ 5.39050996e-01  4.00252938e-01 -7.41094768e-01 -3.04296792e+00]\n",
      " [ 1.49011612e-08  8.79874766e-01  4.75205660e-01  2.26756534e+00]\n",
      " [ 0.00000000e+00  0.00000000e+00  0.00000000e+00  1.00000000e+00]]\n",
      "[[-0.00983904 -0.23197464 -0.35194991 -0.        ]]\n",
      "-0.13333333333333336 -0.4\n",
      "[[ 8.42273116e-01 -2.56160110e-01  4.74297345e-01  1.90211489e+00]\n",
      " [ 5.39050996e-01  4.00252938e-01 -7.41094768e-01 -3.21942333e+00]\n",
      " [ 1.49011612e-08  8.79874766e-01  4.75205660e-01  1.56366553e+00]\n",
      " [ 0.00000000e+00  0.00000000e+00  0.00000000e+00  1.00000000e+00]]\n",
      "[[-0.0781484  -0.12524052 -0.11731664 -0.        ]]\n",
      "-0.13333333333333336 -0.13333333333333336\n",
      "[[ 8.42273116e-01 -2.56160110e-01  4.74297345e-01  1.83380553e+00]\n",
      " [ 5.39050996e-01  4.00252938e-01 -7.41094768e-01 -3.11268922e+00]\n",
      " [ 1.49011612e-08  8.79874766e-01  4.75205660e-01  1.79829880e+00]\n",
      " [ 0.00000000e+00  0.00000000e+00  0.00000000e+00  1.00000000e+00]]\n",
      "[[-0.14645776 -0.01850641  0.11731663  0.        ]]\n",
      "-0.13333333333333336 0.1333333333333333\n",
      "[[ 8.42273116e-01 -2.56160110e-01  4.74297345e-01  1.76549616e+00]\n",
      " [ 5.39050996e-01  4.00252938e-01 -7.41094768e-01 -3.00595510e+00]\n",
      " [ 1.49011612e-08  8.79874766e-01  4.75205660e-01  2.03293207e+00]\n",
      " [ 0.00000000e+00  0.00000000e+00  0.00000000e+00  1.00000000e+00]]\n",
      "[[-0.21476713  0.08822771  0.3519499   0.        ]]\n",
      "-0.13333333333333336 0.4\n",
      "[[ 8.42273116e-01 -2.56160110e-01  4.74297345e-01  1.69718680e+00]\n",
      " [ 5.39050996e-01  4.00252938e-01 -7.41094768e-01 -2.89922098e+00]\n",
      " [ 1.49011612e-08  8.79874766e-01  4.75205660e-01  2.26756534e+00]\n",
      " [ 0.00000000e+00  0.00000000e+00  0.00000000e+00  1.00000000e+00]]\n",
      "[[ 0.21476713 -0.08822771 -0.3519499   0.        ]]\n",
      "0.1333333333333333 -0.4\n",
      "[[ 8.42273116e-01 -2.56160110e-01  4.74297345e-01  2.12672105e+00]\n",
      " [ 5.39050996e-01  4.00252938e-01 -7.41094768e-01 -3.07567640e+00]\n",
      " [ 1.49011612e-08  8.79874766e-01  4.75205660e-01  1.56366554e+00]\n",
      " [ 0.00000000e+00  0.00000000e+00  0.00000000e+00  1.00000000e+00]]\n",
      "[[ 0.14645776  0.01850641 -0.11731663  0.        ]]\n",
      "0.1333333333333333 -0.13333333333333336\n",
      "[[ 8.42273116e-01 -2.56160110e-01  4.74297345e-01  2.05841169e+00]\n",
      " [ 5.39050996e-01  4.00252938e-01 -7.41094768e-01 -2.96894228e+00]\n",
      " [ 1.49011612e-08  8.79874766e-01  4.75205660e-01  1.79829881e+00]\n",
      " [ 0.00000000e+00  0.00000000e+00  0.00000000e+00  1.00000000e+00]]\n",
      "[[0.0781484  0.12524052 0.11731664 0.        ]]\n",
      "0.1333333333333333 0.1333333333333333\n",
      "[[ 8.42273116e-01 -2.56160110e-01  4.74297345e-01  1.99010233e+00]\n",
      " [ 5.39050996e-01  4.00252938e-01 -7.41094768e-01 -2.86220817e+00]\n",
      " [ 1.49011612e-08  8.79874766e-01  4.75205660e-01  2.03293208e+00]\n",
      " [ 0.00000000e+00  0.00000000e+00  0.00000000e+00  1.00000000e+00]]\n",
      "[[0.00983904 0.23197464 0.35194991 0.        ]]\n",
      "0.1333333333333333 0.4\n",
      "[[ 8.42273116e-01 -2.56160110e-01  4.74297345e-01  1.92179296e+00]\n",
      " [ 5.39050996e-01  4.00252938e-01 -7.41094768e-01 -2.75547405e+00]\n",
      " [ 1.49011612e-08  8.79874766e-01  4.75205660e-01  2.26756535e+00]\n",
      " [ 0.00000000e+00  0.00000000e+00  0.00000000e+00  1.00000000e+00]]\n",
      "[[ 0.43937329  0.05551922 -0.3519499   0.        ]]\n",
      "0.4 -0.4\n",
      "[[ 8.42273116e-01 -2.56160110e-01  4.74297345e-01  2.35132722e+00]\n",
      " [ 5.39050996e-01  4.00252938e-01 -7.41094768e-01 -2.93192947e+00]\n",
      " [ 1.49011612e-08  8.79874766e-01  4.75205660e-01  1.56366554e+00]\n",
      " [ 0.00000000e+00  0.00000000e+00  0.00000000e+00  1.00000000e+00]]\n",
      "[[ 0.37106393  0.16225334 -0.11731663  0.        ]]\n",
      "0.4 -0.13333333333333336\n",
      "[[ 8.42273116e-01 -2.56160110e-01  4.74297345e-01  2.28301785e+00]\n",
      " [ 5.39050996e-01  4.00252938e-01 -7.41094768e-01 -2.82519535e+00]\n",
      " [ 1.49011612e-08  8.79874766e-01  4.75205660e-01  1.79829881e+00]\n",
      " [ 0.00000000e+00  0.00000000e+00  0.00000000e+00  1.00000000e+00]]\n",
      "[[0.30275457 0.26898746 0.11731664 0.        ]]\n",
      "0.4 0.1333333333333333\n",
      "[[ 8.42273116e-01 -2.56160110e-01  4.74297345e-01  2.21470849e+00]\n",
      " [ 5.39050996e-01  4.00252938e-01 -7.41094768e-01 -2.71846124e+00]\n",
      " [ 1.49011612e-08  8.79874766e-01  4.75205660e-01  2.03293208e+00]\n",
      " [ 0.00000000e+00  0.00000000e+00  0.00000000e+00  1.00000000e+00]]\n",
      "[[0.2344452  0.37572157 0.35194991 0.        ]]\n",
      "0.4 0.4\n",
      "[[ 8.42273116e-01 -2.56160110e-01  4.74297345e-01  2.14639913e+00]\n",
      " [ 5.39050996e-01  4.00252938e-01 -7.41094768e-01 -2.61172712e+00]\n",
      " [ 1.49011612e-08  8.79874766e-01  4.75205660e-01  2.26756535e+00]\n",
      " [ 0.00000000e+00  0.00000000e+00  0.00000000e+00  1.00000000e+00]]\n",
      "[[-0.2867389  -0.85622132  0.42972761  1.73228753]\n",
      " [ 0.95800877 -0.25627318  0.12862055  0.51848608]\n",
      " [ 0.          0.44856343  0.89375097  3.60282564]\n",
      " [ 0.          0.          0.          1.        ]]\n",
      "[[-0.2867389   0.95800877  0.          0.        ]] [[-0.85622132 -0.25627318  0.44856343  0.        ]]\n",
      "[[ 0.45718409 -0.28069423 -0.17942537 -0.        ]]\n",
      "-0.4 -0.4\n",
      "[[-0.2867389  -0.85622132  0.42972761  2.18947161]\n",
      " [ 0.95800877 -0.25627318  0.12862055  0.23779185]\n",
      " [ 0.          0.44856343  0.89375097  3.42340027]\n",
      " [ 0.          0.          0.          1.        ]]\n",
      "[[ 0.2288584  -0.34903375 -0.05980846 -0.        ]]\n",
      "-0.4 -0.13333333333333336\n",
      "[[-0.2867389  -0.85622132  0.42972761  1.96114593]\n",
      " [ 0.95800877 -0.25627318  0.12862055  0.16945233]\n",
      " [ 0.          0.44856343  0.89375097  3.54301718]\n",
      " [ 0.          0.          0.          1.        ]]\n",
      "[[ 0.00053272 -0.41737326  0.05980846  0.        ]]\n",
      "-0.4 0.1333333333333333\n",
      "[[-0.2867389  -0.85622132  0.42972761  1.73282024]\n",
      " [ 0.95800877 -0.25627318  0.12862055  0.10111282]\n",
      " [ 0.          0.44856343  0.89375097  3.6626341 ]\n",
      " [ 0.          0.          0.          1.        ]]\n",
      "[[-0.22779297 -0.48571278  0.17942537  0.        ]]\n",
      "-0.4 0.4\n",
      "[[-0.2867389  -0.85622132  0.42972761  1.50449456]\n",
      " [ 0.95800877 -0.25627318  0.12862055  0.0327733 ]\n",
      " [ 0.          0.44856343  0.89375097  3.78225101]\n",
      " [ 0.          0.          0.          1.        ]]\n",
      "[[ 0.38072038 -0.02522523 -0.17942537 -0.        ]]\n",
      "-0.13333333333333336 -0.4\n",
      "[[-0.2867389  -0.85622132  0.42972761  2.11300791]\n",
      " [ 0.95800877 -0.25627318  0.12862055  0.49326085]\n",
      " [ 0.          0.44856343  0.89375097  3.42340027]\n",
      " [ 0.          0.          0.          1.        ]]\n",
      "[[ 0.1523947  -0.09356474 -0.05980846 -0.        ]]\n",
      "-0.13333333333333336 -0.13333333333333336\n",
      "[[-0.2867389  -0.85622132  0.42972761  1.88468222]\n",
      " [ 0.95800877 -0.25627318  0.12862055  0.42492134]\n",
      " [ 0.          0.44856343  0.89375097  3.54301718]\n",
      " [ 0.          0.          0.          1.        ]]\n",
      "[[-0.07593099 -0.16190426  0.05980846  0.        ]]\n",
      "-0.13333333333333336 0.1333333333333333\n",
      "[[-0.2867389  -0.85622132  0.42972761  1.65635654]\n",
      " [ 0.95800877 -0.25627318  0.12862055  0.35658182]\n",
      " [ 0.          0.44856343  0.89375097  3.6626341 ]\n",
      " [ 0.          0.          0.          1.        ]]\n",
      "[[-0.30425667 -0.23024377  0.17942537  0.        ]]\n",
      "-0.13333333333333336 0.4\n",
      "[[-0.2867389  -0.85622132  0.42972761  1.42803085]\n",
      " [ 0.95800877 -0.25627318  0.12862055  0.28824231]\n",
      " [ 0.          0.44856343  0.89375097  3.78225101]\n",
      " [ 0.          0.          0.          1.        ]]\n",
      "[[ 0.30425667  0.23024377 -0.17942537  0.        ]]\n",
      "0.1333333333333333 -0.4\n",
      "[[-0.2867389  -0.85622132  0.42972761  2.0365442 ]\n",
      " [ 0.95800877 -0.25627318  0.12862055  0.74872986]\n",
      " [ 0.          0.44856343  0.89375097  3.42340027]\n",
      " [ 0.          0.          0.          1.        ]]\n",
      "[[ 0.07593099  0.16190426 -0.05980846  0.        ]]\n",
      "0.1333333333333333 -0.13333333333333336\n",
      "[[-0.2867389  -0.85622132  0.42972761  1.80821851]\n",
      " [ 0.95800877 -0.25627318  0.12862055  0.68039034]\n",
      " [ 0.          0.44856343  0.89375097  3.54301718]\n",
      " [ 0.          0.          0.          1.        ]]\n",
      "[[-0.1523947   0.09356474  0.05980846  0.        ]]\n",
      "0.1333333333333333 0.1333333333333333\n",
      "[[-0.2867389  -0.85622132  0.42972761  1.57989283]\n",
      " [ 0.95800877 -0.25627318  0.12862055  0.61205083]\n",
      " [ 0.          0.44856343  0.89375097  3.6626341 ]\n",
      " [ 0.          0.          0.          1.        ]]\n",
      "[[-0.38072038  0.02522523  0.17942537  0.        ]]\n",
      "0.1333333333333333 0.4\n",
      "[[-0.2867389  -0.85622132  0.42972761  1.35156715]\n",
      " [ 0.95800877 -0.25627318  0.12862055  0.54371131]\n",
      " [ 0.          0.44856343  0.89375097  3.78225101]\n",
      " [ 0.          0.          0.          1.        ]]\n",
      "[[ 0.22779297  0.48571278 -0.17942537  0.        ]]\n",
      "0.4 -0.4\n",
      "[[-0.2867389  -0.85622132  0.42972761  1.96008049]\n",
      " [ 0.95800877 -0.25627318  0.12862055  1.00419886]\n",
      " [ 0.          0.44856343  0.89375097  3.42340027]\n",
      " [ 0.          0.          0.          1.        ]]\n",
      "[[-0.00053272  0.41737326 -0.05980846  0.        ]]\n",
      "0.4 -0.13333333333333336\n",
      "[[-0.2867389  -0.85622132  0.42972761  1.73175481]\n",
      " [ 0.95800877 -0.25627318  0.12862055  0.93585935]\n",
      " [ 0.          0.44856343  0.89375097  3.54301718]\n",
      " [ 0.          0.          0.          1.        ]]\n",
      "[[-0.2288584   0.34903375  0.05980846  0.        ]]\n",
      "0.4 0.1333333333333333\n",
      "[[-0.2867389  -0.85622132  0.42972761  1.50342912]\n",
      " [ 0.95800877 -0.25627318  0.12862055  0.86751983]\n",
      " [ 0.          0.44856343  0.89375097  3.6626341 ]\n",
      " [ 0.          0.          0.          1.        ]]\n",
      "[[-0.45718409  0.28069423  0.17942537  0.        ]]\n",
      "0.4 0.4\n",
      "[[-0.2867389  -0.85622132  0.42972761  1.27510344]\n",
      " [ 0.95800877 -0.25627318  0.12862055  0.79918032]\n",
      " [ 0.          0.44856343  0.89375097  3.78225101]\n",
      " [ 0.          0.          0.          1.        ]]\n",
      "[[-4.37981546e-01  3.47201765e-01 -8.29230428e-01 -3.34273481e+00]\n",
      " [-8.98983955e-01 -1.69155374e-01  4.03997868e-01  1.62856746e+00]\n",
      " [-1.49011612e-08  9.22408402e-01  3.86215746e-01  1.55688548e+00]\n",
      " [ 0.00000000e+00  0.00000000e+00  0.00000000e+00  1.00000000e+00]]\n",
      "[[-4.37981546e-01 -8.98983955e-01 -1.49011612e-08  0.00000000e+00]] [[ 0.34720176 -0.16915537  0.9224084   0.        ]]\n",
      "[[ 0.03631191  0.42725573 -0.36896335 -0.        ]]\n",
      "-0.4 -0.4\n",
      "[[-4.37981546e-01  3.47201765e-01 -8.29230428e-01 -3.30642290e+00]\n",
      " [-8.98983955e-01 -1.69155374e-01  4.03997868e-01  2.05582319e+00]\n",
      " [-1.49011612e-08  9.22408402e-01  3.86215746e-01  1.18792213e+00]\n",
      " [ 0.00000000e+00  0.00000000e+00  0.00000000e+00  1.00000000e+00]]\n",
      "[[ 0.12889905  0.38214763 -0.12298778 -0.        ]]\n",
      "-0.4 -0.13333333333333336\n",
      "[[-4.37981546e-01  3.47201765e-01 -8.29230428e-01 -3.21383576e+00]\n",
      " [-8.98983955e-01 -1.69155374e-01  4.03997868e-01  2.01071509e+00]\n",
      " [-1.49011612e-08  9.22408402e-01  3.86215746e-01  1.43389770e+00]\n",
      " [ 0.00000000e+00  0.00000000e+00  0.00000000e+00  1.00000000e+00]]\n",
      "[[0.22148619 0.33703953 0.12298779 0.        ]]\n",
      "-0.4 0.1333333333333333\n",
      "[[-4.37981546e-01  3.47201765e-01 -8.29230428e-01 -3.12124863e+00]\n",
      " [-8.98983955e-01 -1.69155374e-01  4.03997868e-01  1.96560699e+00]\n",
      " [-1.49011612e-08  9.22408402e-01  3.86215746e-01  1.67987327e+00]\n",
      " [ 0.00000000e+00  0.00000000e+00  0.00000000e+00  1.00000000e+00]]\n",
      "[[0.31407332 0.29193143 0.36896337 0.        ]]\n",
      "-0.4 0.4\n",
      "[[-4.37981546e-01  3.47201765e-01 -8.29230428e-01 -3.02866149e+00]\n",
      " [-8.98983955e-01 -1.69155374e-01  4.03997868e-01  1.92049889e+00]\n",
      " [-1.49011612e-08  9.22408402e-01  3.86215746e-01  1.92584885e+00]\n",
      " [ 0.00000000e+00  0.00000000e+00  0.00000000e+00  1.00000000e+00]]\n",
      "[[-0.08048317  0.18752668 -0.36896336 -0.        ]]\n",
      "-0.13333333333333336 -0.4\n",
      "[[-4.37981546e-01  3.47201765e-01 -8.29230428e-01 -3.42321798e+00]\n",
      " [-8.98983955e-01 -1.69155374e-01  4.03997868e-01  1.81609413e+00]\n",
      " [-1.49011612e-08  9.22408402e-01  3.86215746e-01  1.18792212e+00]\n",
      " [ 0.00000000e+00  0.00000000e+00  0.00000000e+00  1.00000000e+00]]\n",
      "[[ 0.01210397  0.14241858 -0.12298778 -0.        ]]\n",
      "-0.13333333333333336 -0.13333333333333336\n",
      "[[-4.37981546e-01  3.47201765e-01 -8.29230428e-01 -3.33063084e+00]\n",
      " [-8.98983955e-01 -1.69155374e-01  4.03997868e-01  1.77098603e+00]\n",
      " [-1.49011612e-08  9.22408402e-01  3.86215746e-01  1.43389770e+00]\n",
      " [ 0.00000000e+00  0.00000000e+00  0.00000000e+00  1.00000000e+00]]\n",
      "[[0.10469111 0.09731048 0.12298779 0.        ]]\n",
      "-0.13333333333333336 0.1333333333333333\n",
      "[[-4.37981546e-01  3.47201765e-01 -8.29230428e-01 -3.23804371e+00]\n",
      " [-8.98983955e-01 -1.69155374e-01  4.03997868e-01  1.72587793e+00]\n",
      " [-1.49011612e-08  9.22408402e-01  3.86215746e-01  1.67987327e+00]\n",
      " [ 0.00000000e+00  0.00000000e+00  0.00000000e+00  1.00000000e+00]]\n",
      "[[0.19727825 0.05220238 0.36896336 0.        ]]\n",
      "-0.13333333333333336 0.4\n",
      "[[-4.37981546e-01  3.47201765e-01 -8.29230428e-01 -3.14545657e+00]\n",
      " [-8.98983955e-01 -1.69155374e-01  4.03997868e-01  1.68076983e+00]\n",
      " [-1.49011612e-08  9.22408402e-01  3.86215746e-01  1.92584884e+00]\n",
      " [ 0.00000000e+00  0.00000000e+00  0.00000000e+00  1.00000000e+00]]\n",
      "[[-0.19727825 -0.05220238 -0.36896336  0.        ]]\n",
      "0.1333333333333333 -0.4\n",
      "[[-4.37981546e-01  3.47201765e-01 -8.29230428e-01 -3.54001306e+00]\n",
      " [-8.98983955e-01 -1.69155374e-01  4.03997868e-01  1.57636508e+00]\n",
      " [-1.49011612e-08  9.22408402e-01  3.86215746e-01  1.18792212e+00]\n",
      " [ 0.00000000e+00  0.00000000e+00  0.00000000e+00  1.00000000e+00]]\n",
      "[[-0.10469111 -0.09731048 -0.12298779  0.        ]]\n",
      "0.1333333333333333 -0.13333333333333336\n",
      "[[-4.37981546e-01  3.47201765e-01 -8.29230428e-01 -3.44742592e+00]\n",
      " [-8.98983955e-01 -1.69155374e-01  4.03997868e-01  1.53125698e+00]\n",
      " [-1.49011612e-08  9.22408402e-01  3.86215746e-01  1.43389769e+00]\n",
      " [ 0.00000000e+00  0.00000000e+00  0.00000000e+00  1.00000000e+00]]\n",
      "[[-0.01210397 -0.14241858  0.12298778  0.        ]]\n",
      "0.1333333333333333 0.1333333333333333\n",
      "[[-4.37981546e-01  3.47201765e-01 -8.29230428e-01 -3.35483878e+00]\n",
      " [-8.98983955e-01 -1.69155374e-01  4.03997868e-01  1.48614888e+00]\n",
      " [-1.49011612e-08  9.22408402e-01  3.86215746e-01  1.67987327e+00]\n",
      " [ 0.00000000e+00  0.00000000e+00  0.00000000e+00  1.00000000e+00]]\n",
      "[[ 0.08048317 -0.18752668  0.36896336  0.        ]]\n",
      "0.1333333333333333 0.4\n",
      "[[-4.37981546e-01  3.47201765e-01 -8.29230428e-01 -3.26225165e+00]\n",
      " [-8.98983955e-01 -1.69155374e-01  4.03997868e-01  1.44104078e+00]\n",
      " [-1.49011612e-08  9.22408402e-01  3.86215746e-01  1.92584884e+00]\n",
      " [ 0.00000000e+00  0.00000000e+00  0.00000000e+00  1.00000000e+00]]\n",
      "[[-0.31407332 -0.29193143 -0.36896337  0.        ]]\n",
      "0.4 -0.4\n",
      "[[-4.37981546e-01  3.47201765e-01 -8.29230428e-01 -3.65680814e+00]\n",
      " [-8.98983955e-01 -1.69155374e-01  4.03997868e-01  1.33663602e+00]\n",
      " [-1.49011612e-08  9.22408402e-01  3.86215746e-01  1.18792211e+00]\n",
      " [ 0.00000000e+00  0.00000000e+00  0.00000000e+00  1.00000000e+00]]\n",
      "[[-0.22148619 -0.33703953 -0.12298779  0.        ]]\n",
      "0.4 -0.13333333333333336\n",
      "[[-4.37981546e-01  3.47201765e-01 -8.29230428e-01 -3.56422100e+00]\n",
      " [-8.98983955e-01 -1.69155374e-01  4.03997868e-01  1.29152792e+00]\n",
      " [-1.49011612e-08  9.22408402e-01  3.86215746e-01  1.43389769e+00]\n",
      " [ 0.00000000e+00  0.00000000e+00  0.00000000e+00  1.00000000e+00]]\n",
      "[[-0.12889905 -0.38214763  0.12298778  0.        ]]\n",
      "0.4 0.1333333333333333\n",
      "[[-4.37981546e-01  3.47201765e-01 -8.29230428e-01 -3.47163386e+00]\n",
      " [-8.98983955e-01 -1.69155374e-01  4.03997868e-01  1.24641983e+00]\n",
      " [-1.49011612e-08  9.22408402e-01  3.86215746e-01  1.67987326e+00]\n",
      " [ 0.00000000e+00  0.00000000e+00  0.00000000e+00  1.00000000e+00]]\n",
      "[[-0.03631191 -0.42725573  0.36896335  0.        ]]\n",
      "0.4 0.4\n",
      "[[-4.37981546e-01  3.47201765e-01 -8.29230428e-01 -3.37904673e+00]\n",
      " [-8.98983955e-01 -1.69155374e-01  4.03997868e-01  1.20131173e+00]\n",
      " [-1.49011612e-08  9.22408402e-01  3.86215746e-01  1.92584884e+00]\n",
      " [ 0.00000000e+00  0.00000000e+00  0.00000000e+00  1.00000000e+00]]\n",
      "[[-0.93265635 -0.22499779  0.2820071   1.13680696]\n",
      " [ 0.36076587 -0.58166701  0.72904819  2.93888736]\n",
      " [ 0.          0.78169     0.62366706  2.51408243]\n",
      " [ 0.          0.          0.          1.        ]]\n",
      "[[-0.93265635  0.36076587  0.          0.        ]] [[-0.22499779 -0.58166701  0.78169     0.        ]]\n",
      "[[ 0.46306165  0.08836045 -0.312676   -0.        ]]\n",
      "-0.4 -0.4\n",
      "[[-0.93265635 -0.22499779  0.2820071   1.59986862]\n",
      " [ 0.36076587 -0.58166701  0.72904819  3.02724781]\n",
      " [ 0.          0.78169     0.62366706  2.20140643]\n",
      " [ 0.          0.          0.          1.        ]]\n",
      "[[ 0.40306224 -0.06675075 -0.10422533 -0.        ]]\n",
      "-0.4 -0.13333333333333336\n",
      "[[-0.93265635 -0.22499779  0.2820071   1.53986921]\n",
      " [ 0.36076587 -0.58166701  0.72904819  2.87213661]\n",
      " [ 0.          0.78169     0.62366706  2.4098571 ]\n",
      " [ 0.          0.          0.          1.        ]]\n",
      "[[ 0.34306283 -0.22186195  0.10422533  0.        ]]\n",
      "-0.4 0.1333333333333333\n",
      "[[-0.93265635 -0.22499779  0.2820071   1.4798698 ]\n",
      " [ 0.36076587 -0.58166701  0.72904819  2.71702541]\n",
      " [ 0.          0.78169     0.62366706  2.61830777]\n",
      " [ 0.          0.          0.          1.        ]]\n",
      "[[ 0.28306342 -0.37697315  0.312676    0.        ]]\n",
      "-0.4 0.4\n",
      "[[-0.93265635 -0.22499779  0.2820071   1.41987039]\n",
      " [ 0.36076587 -0.58166701  0.72904819  2.56191421]\n",
      " [ 0.          0.78169     0.62366706  2.82675843]\n",
      " [ 0.          0.          0.          1.        ]]\n",
      "[[ 0.2143533   0.18456469 -0.312676   -0.        ]]\n",
      "-0.13333333333333336 -0.4\n",
      "[[-0.93265635 -0.22499779  0.2820071   1.35116026]\n",
      " [ 0.36076587 -0.58166701  0.72904819  3.12345204]\n",
      " [ 0.          0.78169     0.62366706  2.20140643]\n",
      " [ 0.          0.          0.          1.        ]]\n",
      "[[ 0.15435388  0.02945348 -0.10422533 -0.        ]]\n",
      "-0.13333333333333336 -0.13333333333333336\n",
      "[[-0.93265635 -0.22499779  0.2820071   1.29116085]\n",
      " [ 0.36076587 -0.58166701  0.72904819  2.96834084]\n",
      " [ 0.          0.78169     0.62366706  2.4098571 ]\n",
      " [ 0.          0.          0.          1.        ]]\n",
      "[[ 0.09435447 -0.12565772  0.10422533  0.        ]]\n",
      "-0.13333333333333336 0.1333333333333333\n",
      "[[-0.93265635 -0.22499779  0.2820071   1.23116144]\n",
      " [ 0.36076587 -0.58166701  0.72904819  2.81322964]\n",
      " [ 0.          0.78169     0.62366706  2.61830777]\n",
      " [ 0.          0.          0.          1.        ]]\n",
      "[[ 0.03435506 -0.28076892  0.312676    0.        ]]\n",
      "-0.13333333333333336 0.4\n",
      "[[-0.93265635 -0.22499779  0.2820071   1.17116203]\n",
      " [ 0.36076587 -0.58166701  0.72904819  2.65811844]\n",
      " [ 0.          0.78169     0.62366706  2.82675843]\n",
      " [ 0.          0.          0.          1.        ]]\n",
      "[[-0.03435506  0.28076892 -0.312676    0.        ]]\n",
      "0.1333333333333333 -0.4\n",
      "[[-0.93265635 -0.22499779  0.2820071   1.1024519 ]\n",
      " [ 0.36076587 -0.58166701  0.72904819  3.21965628]\n",
      " [ 0.          0.78169     0.62366706  2.20140643]\n",
      " [ 0.          0.          0.          1.        ]]\n",
      "[[-0.09435447  0.12565772 -0.10422533  0.        ]]\n",
      "0.1333333333333333 -0.13333333333333336\n",
      "[[-0.93265635 -0.22499779  0.2820071   1.04245249]\n",
      " [ 0.36076587 -0.58166701  0.72904819  3.06454508]\n",
      " [ 0.          0.78169     0.62366706  2.4098571 ]\n",
      " [ 0.          0.          0.          1.        ]]\n",
      "[[-0.15435388 -0.02945348  0.10422533  0.        ]]\n",
      "0.1333333333333333 0.1333333333333333\n",
      "[[-0.93265635 -0.22499779  0.2820071   0.98245308]\n",
      " [ 0.36076587 -0.58166701  0.72904819  2.90943387]\n",
      " [ 0.          0.78169     0.62366706  2.61830777]\n",
      " [ 0.          0.          0.          1.        ]]\n",
      "[[-0.2143533  -0.18456469  0.312676    0.        ]]\n",
      "0.1333333333333333 0.4\n",
      "[[-0.93265635 -0.22499779  0.2820071   0.92245367]\n",
      " [ 0.36076587 -0.58166701  0.72904819  2.75432267]\n",
      " [ 0.          0.78169     0.62366706  2.82675843]\n",
      " [ 0.          0.          0.          1.        ]]\n",
      "[[-0.28306342  0.37697315 -0.312676    0.        ]]\n",
      "0.4 -0.4\n",
      "[[-0.93265635 -0.22499779  0.2820071   0.85374354]\n",
      " [ 0.36076587 -0.58166701  0.72904819  3.31586051]\n",
      " [ 0.          0.78169     0.62366706  2.20140643]\n",
      " [ 0.          0.          0.          1.        ]]\n",
      "[[-0.34306283  0.22186195 -0.10422533  0.        ]]\n",
      "0.4 -0.13333333333333336\n",
      "[[-0.93265635 -0.22499779  0.2820071   0.79374413]\n",
      " [ 0.36076587 -0.58166701  0.72904819  3.16074931]\n",
      " [ 0.          0.78169     0.62366706  2.4098571 ]\n",
