wandb_version: 1

tv_train_weight:
  value: 0.007462523474364079
tv_weight:
  value: 0.002089555173552056
