wandb_version: 1

tv_train_weight:
  value: 0.005750419053917794
tv_weight:
  value: 0.0043942729677488405
