wandb_version: 1

tv_train_weight:
  value: 0.004493202750786065
tv_weight:
  value: 0.002913399841786637
