wandb_version: 1

tv_train_weight:
  value: 0.0057062594701321225
tv_weight:
  value: 0.0011489254541451343
