wandb_version: 1

tv_train_weight:
  value: 0.009496797965822238
tv_weight:
  value: 0.004442475567030886
