wandb_version: 1

tv_train_weight:
  value: 0.003803758794805976
tv_weight:
  value: 0.002998212964163738
