wandb_version: 1

tv_train_weight:
  value: 0.008216785252322917
tv_weight:
  value: 0.0019042065948474296
