wandb_version: 1

tv_train_weight:
  value: 0.005237159880366171
tv_weight:
  value: 0.005041886051293647
