wandb_version: 1

tv_train_weight:
  value: 0.002568401288651132
tv_weight:
  value: 0.005451958286001027
