wandb_version: 1

tv_train_weight:
  value: 0.003479655406319874
tv_weight:
  value: 0.001885339551220212
