wandb_version: 1

tv_train_weight:
  value: 0.008936956792693492
tv_weight:
  value: 0.008125352262638252
