wandb_version: 1

tv_train_weight:
  value: 0.0006943203574576373
tv_weight:
  value: 0.006521491982714841
