wandb_version: 1

tv_train_weight:
  value: 0.006056621017654248
tv_weight:
  value: 0.002878399052956806
