wandb_version: 1

tv_train_weight:
  value: 0.004144868397971363
tv_weight:
  value: 0.009848619918054387
