wandb_version: 1

tv_train_weight:
  value: 0.006161167519499737
tv_weight:
  value: 0.00998285479888606
