wandb_version: 1

tv_train_weight:
  value: 0.0018377228330578445
tv_weight:
  value: 0.0013733431510313755
