wandb_version: 1

tv_train_weight:
  value: 0.002884998672927687
tv_weight:
  value: 0.0028143738728166525
