wandb_version: 1

tv_train_weight:
  value: 0.006094072344579602
tv_weight:
  value: 0.00271608564476692
