wandb_version: 1

tv_train_weight:
  value: 0.0034039606053043237
tv_weight:
  value: 0.008533123687478786
