wandb_version: 1

tv_train_weight:
  value: 0.00027970666090571195
tv_weight:
  value: 0.004274418380564221
