wandb_version: 1

tv_train_weight:
  value: 0.005077910728698825
tv_weight:
  value: 0.00042085527982334335
