wandb_version: 1

tv_train_weight:
  value: 0.003237908794650195
tv_weight:
  value: 0.009612734117616505
