wandb_version: 1

tv_train_weight:
  value: 0.004410282371870667
tv_weight:
  value: 0.003505055196156587
