wandb_version: 1

tv_train_weight:
  value: 0.0034363354786460577
tv_weight:
  value: 2.2376441846045924e-05
