wandb_version: 1

tv_train_weight:
  value: 0.006983067971680597
tv_weight:
  value: 0.005174959585619548
