wandb_version: 1

tv_train_weight:
  value: 0.002925709453789901
tv_weight:
  value: 0.0025164270453308245
