wandb_version: 1

tv_train_weight:
  value: 0.007863595830372603
tv_weight:
  value: 0.0028174399034204436
