wandb_version: 1

tv_train_weight:
  value: 0.0050029211295382235
tv_weight:
  value: 0.006533934108498265
