wandb_version: 1

tv_train_weight:
  value: 0.0006798404848028828
tv_weight:
  value: 0.00353566238383183
