wandb_version: 1

tv_train_weight:
  value: 0.007325214665209666
tv_weight:
  value: 0.006368442027067861
