wandb_version: 1

tv_train_weight:
  value: 0.007440149394501827
tv_weight:
  value: 0.0025017151197697807
