wandb_version: 1

tv_train_weight:
  value: 0.00154680517981721
tv_weight:
  value: 0.005399118386600672
