wandb_version: 1

tv_train_weight:
  value: 0.005215240551554285
tv_weight:
  value: 0.004412704633612108
