wandb_version: 1

tv_train_weight:
  value: 0.003609491294909607
tv_weight:
  value: 0.0057715109735370215
