wandb_version: 1

tv_train_weight:
  value: 0.0005829619171827694
tv_weight:
  value: 0.0062267616323238
