wandb_version: 1

tv_train_weight:
  value: 0.005397349647769233
tv_weight:
  value: 0.0036316196935102458
