wandb_version: 1

tv_train_weight:
  value: 0.0032132404847833606
tv_weight:
  value: 0.002785295139059497
