wandb_version: 1

tv_train_weight:
  value: 0.0034844801074228847
tv_weight:
  value: 0.009344732084619068
