wandb_version: 1

tv_train_weight:
  value: 0.0035827642761965205
tv_weight:
  value: 0.0031136141022742613
