wandb_version: 1

tv_train_weight:
  value: 0.004491659999005573
tv_weight:
  value: 0.0012589090075524256
