{
  "camera_angle_x": 0.6911112070083618,
  "frames": [
    {
      "file_path": "./camera_00/r_0",
      "transform_matrix": [
        [
          0.8539196252822876,
          -0.011946093291044235,
          0.5202677249908447,
          1.9774094820022583
        ],
        [
          0.5204048156738281,
          0.019602054730057716,
          -0.8536946773529053,
          -3.244683027267456
        ],
        [
          0.0,
          0.999736487865448,
          0.022955384105443954,
          0.08724775910377502
        ],
        [
          0.0,
          0.0,
          0.0,
          1.0
        ]
      ]
    },
    {
      "file_path": "./camera_01/r_0",
      "transform_matrix": [
        [
          -0.3135838508605957,
          0.6398342847824097,
          -0.7016246318817139,
          -3.5001003742218018
        ],
        [
          -0.9495604634284973,
          -0.2112995833158493,
          0.23170529305934906,
          1.1558769941329956
        ],
        [
          0.0,
          0.7388940453529358,
          0.6738215684890747,
          3.361402750015259
        ],
        [
          0.0,
          0.0,
          0.0,
          1.0
        ]
      ]
    },
    {
      "file_path": "./camera_02/r_0",
      "transform_matrix": [
        [
          0.9005163311958313,
          -0.15348096191883087,
          0.40683409571647644,
          1.5133494138717651
        ],
        [
          0.4348222613334656,
          0.31785887479782104,
          -0.842552900314331,
          -3.1341447830200195
        ],
        [
          0.0,
          0.9356330633163452,
          0.3529740571975708,
          1.3129998445510864
        ],
        [
          0.0,
          0.0,
          0.0,
          1.0
        ]
      ]
    },
    {
      "file_path": "./camera_03/r_0",
      "transform_matrix": [
        [
          0.5100725293159485,
          0.5217443108558655,
          -0.6838193535804749,
          -2.664029836654663
        ],
        [
          -0.8601312637329102,
          0.30940327048301697,
          -0.4055165648460388,
          -1.5798152685165405
        ],
        [
          -1.4901158529312397e-08,
          0.7950173616409302,
          0.606586754322052,
          2.3631465435028076
        ],
        [
          0.0,
          0.0,
          0.0,
          1.0
        ]
      ]
    },
    {
      "file_path": "./camera_00/r_1",
      "transform_matrix": [
        [
          0.8539196252822876,
          -0.011946093291044235,
          0.5202677249908447,
          1.9774094820022583
        ],
        [
          0.5204048156738281,
          0.019602054730057716,
          -0.8536946773529053,
          -3.244683027267456
        ],
        [
          0.0,
          0.999736487865448,
          0.022955384105443954,
          0.08724775910377502
        ],
        [
          0.0,
          0.0,
          0.0,
          1.0
        ]
      ]
    },
    {
      "file_path": "./camera_01/r_1",
      "transform_matrix": [
        [
          -0.3135838508605957,
          0.6398342847824097,
          -0.7016246318817139,
          -3.5001003742218018
        ],
        [
          -0.9495604634284973,
          -0.2112995833158493,
          0.23170529305934906,
          1.1558769941329956
        ],
        [
          0.0,
          0.7388940453529358,
          0.6738215684890747,
          3.361402750015259
        ],
        [
          0.0,
          0.0,
          0.0,
          1.0
        ]
      ]
    },
    {
      "file_path": "./camera_02/r_1",
      "transform_matrix": [
        [
          0.9005163311958313,
          -0.15348096191883087,
          0.40683409571647644,
          1.5133494138717651
        ],
        [
          0.4348222613334656,
          0.31785887479782104,
          -0.842552900314331,
          -3.1341447830200195
        ],
        [
          0.0,
          0.9356330633163452,
          0.3529740571975708,
          1.3129998445510864
        ],
        [
          0.0,
          0.0,
          0.0,
          1.0
        ]
      ]
    },
    {
      "file_path": "./camera_03/r_1",
      "transform_matrix": [
        [
          0.5100725293159485,
          0.5217443108558655,
          -0.6838193535804749,
          -2.664029836654663
        ],
        [
          -0.8601312637329102,
          0.30940327048301697,
          -0.4055165648460388,
          -1.5798152685165405
        ],
        [
          -1.4901158529312397e-08,
          0.7950173616409302,
          0.606586754322052,
          2.3631465435028076
        ],
        [
          0.0,
          0.0,
          0.0,
          1.0
        ]
      ]
    },
    {
      "file_path": "./camera_00/r_2",
      "transform_matrix": [
        [
          0.8539196252822876,
          -0.011946093291044235,
          0.5202677249908447,
          1.9774094820022583
        ],
        [
          0.5204048156738281,
          0.019602054730057716,
          -0.8536946773529053,
          -3.244683027267456
        ],
        [
          0.0,
          0.999736487865448,
          0.022955384105443954,
          0.08724775910377502
        ],
        [
          0.0,
          0.0,
          0.0,
          1.0
        ]
      ]
    },
    {
      "file_path": "./camera_01/r_2",
      "transform_matrix": [
        [
          -0.3135838508605957,
          0.6398342847824097,
          -0.7016246318817139,
          -3.5001003742218018
        ],
        [
          -0.9495604634284973,
          -0.2112995833158493,
          0.23170529305934906,
          1.1558769941329956
        ],
        [
          0.0,
          0.7388940453529358,
          0.6738215684890747,
          3.361402750015259
        ],
        [
          0.0,
          0.0,
          0.0,
          1.0
        ]
      ]
    },
    {
      "file_path": "./camera_02/r_2",
      "transform_matrix": [
        [
          0.9005163311958313,
          -0.15348096191883087,
          0.40683409571647644,
          1.5133494138717651
        ],
        [
          0.4348222613334656,
          0.31785887479782104,
          -0.842552900314331,
          -3.1341447830200195
        ],
        [
          0.0,
          0.9356330633163452,
          0.3529740571975708,
          1.3129998445510864
        ],
        [
          0.0,
          0.0,
          0.0,
          1.0
        ]
      ]
    },
    {
      "file_path": "./camera_03/r_2",
      "transform_matrix": [
        [
          0.5100725293159485,
          0.5217443108558655,
          -0.6838193535804749,
          -2.664029836654663
        ],
        [
          -0.8601312637329102,
          0.30940327048301697,
          -0.4055165648460388,
          -1.5798152685165405
        ],
        [
          -1.4901158529312397e-08,
          0.7950173616409302,
          0.606586754322052,
          2.3631465435028076
        ],
        [
          0.0,
          0.0,
          0.0,
          1.0
        ]
      ]
    },
    {
      "file_path": "./camera_00/r_3",
      "transform_matrix": [
        [
          0.8539196252822876,
          -0.011946093291044235,
          0.5202677249908447,
          1.9774094820022583
        ],
        [
          0.5204048156738281,
          0.019602054730057716,
          -0.8536946773529053,
          -3.244683027267456
        ],
        [
          0.0,
          0.999736487865448,
          0.022955384105443954,
          0.08724775910377502
        ],
        [
          0.0,
          0.0,
          0.0,
          1.0
        ]
      ]
    },
    {
      "file_path": "./camera_01/r_3",
      "transform_matrix": [
        [
          -0.3135838508605957,
          0.6398342847824097,
          -0.7016246318817139,
          -3.5001003742218018
        ],
        [
          -0.9495604634284973,
          -0.2112995833158493,
          0.23170529305934906,
          1.1558769941329956
        ],
        [
          0.0,
          0.7388940453529358,
          0.6738215684890747,
          3.361402750015259
        ],
        [
          0.0,
          0.0,
          0.0,
          1.0
        ]
      ]
    },
    {
      "file_path": "./camera_02/r_3",
      "transform_matrix": [
        [
          0.9005163311958313,
          -0.15348096191883087,
          0.40683409571647644,
          1.5133494138717651
        ],
        [
          0.4348222613334656,
          0.31785887479782104,
          -0.842552900314331,
          -3.1341447830200195
        ],
        [
          0.0,
          0.9356330633163452,
          0.3529740571975708,
          1.3129998445510864
        ],
        [
          0.0,
          0.0,
          0.0,
          1.0
        ]
      ]
    },
    {
      "file_path": "./camera_03/r_3",
      "transform_matrix": [
        [
          0.5100725293159485,
          0.5217443108558655,
          -0.6838193535804749,
          -2.664029836654663
        ],
        [
          -0.8601312637329102,
          0.30940327048301697,
          -0.4055165648460388,
          -1.5798152685165405
        ],
        [
          -1.4901158529312397e-08,
          0.7950173616409302,
          0.606586754322052,
          2.3631465435028076
        ],
        [
          0.0,
          0.0,
          0.0,
          1.0
        ]
      ]
    },
    {
      "file_path": "./camera_00/r_4",
      "transform_matrix": [
        [
          0.8539196252822876,
          -0.011946093291044235,
          0.5202677249908447,
          1.9774094820022583
        ],
        [
          0.5204048156738281,
          0.019602054730057716,
          -0.8536946773529053,
          -3.244683027267456
        ],
        [
          0.0,
          0.999736487865448,
          0.022955384105443954,
          0.08724775910377502
        ],
        [
          0.0,
          0.0,
          0.0,
          1.0
        ]
      ]
    },
    {
      "file_path": "./camera_01/r_4",
      "transform_matrix": [
        [
          -0.3135838508605957,
          0.6398342847824097,
          -0.7016246318817139,
          -3.5001003742218018
        ],
        [
          -0.9495604634284973,
          -0.2112995833158493,
          0.23170529305934906,
          1.1558769941329956
        ],
        [
          0.0,
          0.7388940453529358,
          0.6738215684890747,
          3.361402750015259
        ],
        [
          0.0,
          0.0,
          0.0,
          1.0
        ]
      ]
    },
    {
      "file_path": "./camera_02/r_4",
      "transform_matrix": [
        [
          0.9005163311958313,
          -0.15348096191883087,
          0.40683409571647644,
          1.5133494138717651
        ],
        [
          0.4348222613334656,
          0.31785887479782104,
          -0.842552900314331,
          -3.1341447830200195
        ],
        [
          0.0,
          0.9356330633163452,
          0.3529740571975708,
          1.3129998445510864
        ],
        [
          0.0,
          0.0,
          0.0,
          1.0
        ]
      ]
    },
    {
      "file_path": "./camera_03/r_4",
      "transform_matrix": [
        [
          0.5100725293159485,
          0.5217443108558655,
          -0.6838193535804749,
          -2.664029836654663
        ],
        [
          -0.8601312637329102,
          0.30940327048301697,
          -0.4055165648460388,
          -1.5798152685165405
        ],
        [
          -1.4901158529312397e-08,
          0.7950173616409302,
          0.606586754322052,
          2.3631465435028076
        ],
        [
          0.0,
          0.0,
          0.0,
          1.0
        ]
      ]
    },
    {
      "file_path": "./camera_00/r_5",
      "transform_matrix": [
        [
          0.8539196252822876,
          -0.011946093291044235,
          0.5202677249908447,
          1.9774094820022583
        ],
        [
          0.5204048156738281,
          0.019602054730057716,
          -0.8536946773529053,
          -3.244683027267456
        ],
        [
          0.0,
          0.999736487865448,
          0.022955384105443954,
          0.08724775910377502
        ],
        [
          0.0,
          0.0,
          0.0,
          1.0
        ]
      ]
    },
    {
      "file_path": "./camera_01/r_5",
      "transform_matrix": [
        [
          -0.3135838508605957,
          0.6398342847824097,
          -0.7016246318817139,
          -3.5001003742218018
        ],
        [
          -0.9495604634284973,
          -0.2112995833158493,
          0.23170529305934906,
          1.1558769941329956
        ],
        [
          0.0,
          0.7388940453529358,
          0.6738215684890747,
          3.361402750015259
        ],
        [
          0.0,
          0.0,
          0.0,
          1.0
        ]
      ]
    },
    {
      "file_path": "./camera_02/r_5",
      "transform_matrix": [
        [
          0.9005163311958313,
          -0.15348096191883087,
          0.40683409571647644,
          1.5133494138717651
        ],
        [
          0.4348222613334656,
          0.31785887479782104,
          -0.842552900314331,
          -3.1341447830200195
        ],
        [
          0.0,
          0.9356330633163452,
          0.3529740571975708,
          1.3129998445510864
        ],
        [
          0.0,
          0.0,
          0.0,
          1.0
        ]
      ]
    },
    {
      "file_path": "./camera_03/r_5",
      "transform_matrix": [
        [
          0.5100725293159485,
          0.5217443108558655,
          -0.6838193535804749,
          -2.664029836654663
        ],
        [
          -0.8601312637329102,
          0.30940327048301697,
          -0.4055165648460388,
          -1.5798152685165405
        ],
        [
          -1.4901158529312397e-08,
          0.7950173616409302,
          0.606586754322052,
          2.3631465435028076
        ],
        [
          0.0,
          0.0,
          0.0,
          1.0
        ]
      ]
    },
    {
      "file_path": "./camera_00/r_6",
      "transform_matrix": [
        [
          0.8539196252822876,
          -0.011946093291044235,
          0.5202677249908447,
          1.9774094820022583
        ],
        [
          0.5204048156738281,
          0.019602054730057716,
          -0.8536946773529053,
          -3.244683027267456
        ],
        [
          0.0,
          0.999736487865448,
          0.022955384105443954,
          0.08724775910377502
        ],
        [
          0.0,
          0.0,
          0.0,
          1.0
        ]
      ]
    },
    {
      "file_path": "./camera_01/r_6",
      "transform_matrix": [
        [
          -0.3135838508605957,
          0.6398342847824097,
          -0.7016246318817139,
          -3.5001003742218018
        ],
        [
          -0.9495604634284973,
          -0.2112995833158493,
          0.23170529305934906,
          1.1558769941329956
        ],
        [
          0.0,
          0.7388940453529358,
          0.6738215684890747,
          3.361402750015259
        ],
        [
          0.0,
          0.0,
          0.0,
          1.0
        ]
      ]
    },
    {
      "file_path": "./camera_02/r_6",
      "transform_matrix": [
        [
          0.9005163311958313,
          -0.15348096191883087,
          0.40683409571647644,
          1.5133494138717651
        ],
        [
          0.4348222613334656,
          0.31785887479782104,
          -0.842552900314331,
          -3.1341447830200195
        ],
        [
          0.0,
          0.9356330633163452,
          0.3529740571975708,
          1.3129998445510864
        ],
        [
          0.0,
          0.0,
          0.0,
          1.0
        ]
      ]
    },
    {
      "file_path": "./camera_03/r_6",
      "transform_matrix": [
        [
          0.5100725293159485,
          0.5217443108558655,
          -0.6838193535804749,
          -2.664029836654663
        ],
        [
          -0.8601312637329102,
          0.30940327048301697,
          -0.4055165648460388,
          -1.5798152685165405
        ],
        [
          -1.4901158529312397e-08,
          0.7950173616409302,
          0.606586754322052,
          2.3631465435028076
        ],
        [
          0.0,
          0.0,
          0.0,
          1.0
        ]
      ]
    },
    {
      "file_path": "./camera_00/r_7",
      "transform_matrix": [
        [
          0.8539196252822876,
          -0.011946093291044235,
          0.5202677249908447,
          1.9774094820022583
        ],
        [
          0.5204048156738281,
          0.019602054730057716,
          -0.8536946773529053,
          -3.244683027267456
        ],
        [
          0.0,
          0.999736487865448,
          0.022955384105443954,
          0.08724775910377502
        ],
        [
          0.0,
          0.0,
          0.0,
          1.0
        ]
      ]
    },
    {
      "file_path": "./camera_01/r_7",
      "transform_matrix": [
        [
          -0.3135838508605957,
          0.6398342847824097,
          -0.7016246318817139,
          -3.5001003742218018
        ],
        [
          -0.9495604634284973,
          -0.2112995833158493,
          0.23170529305934906,
          1.1558769941329956
        ],
        [
          0.0,
          0.7388940453529358,
          0.6738215684890747,
          3.361402750015259
        ],
        [
          0.0,
          0.0,
          0.0,
          1.0
        ]
      ]
    },
    {
      "file_path": "./camera_02/r_7",
      "transform_matrix": [
        [
          0.9005163311958313,
          -0.15348096191883087,
          0.40683409571647644,
          1.5133494138717651
        ],
        [
          0.4348222613334656,
          0.31785887479782104,
          -0.842552900314331,
          -3.1341447830200195
        ],
        [
          0.0,
          0.9356330633163452,
          0.3529740571975708,
          1.3129998445510864
        ],
        [
          0.0,
          0.0,
          0.0,
          1.0
        ]
      ]
    },
    {
      "file_path": "./camera_03/r_7",
      "transform_matrix": [
        [
          0.5100725293159485,
          0.5217443108558655,
          -0.6838193535804749,
          -2.664029836654663
        ],
        [
          -0.8601312637329102,
          0.30940327048301697,
          -0.4055165648460388,
          -1.5798152685165405
        ],
        [
          -1.4901158529312397e-08,
          0.7950173616409302,
          0.606586754322052,
          2.3631465435028076
        ],
        [
          0.0,
          0.0,
          0.0,
          1.0
        ]
      ]
    },
    {
      "file_path": "./camera_00/r_8",
      "transform_matrix": [
        [
          0.8539196252822876,
          -0.011946093291044235,
          0.5202677249908447,
          1.9774094820022583
        ],
        [
          0.5204048156738281,
          0.019602054730057716,
          -0.8536946773529053,
          -3.244683027267456
        ],
        [
          0.0,
          0.999736487865448,
          0.022955384105443954,
          0.08724775910377502
        ],
        [
          0.0,
          0.0,
          0.0,
          1.0
        ]
      ]
    },
    {
      "file_path": "./camera_01/r_8",
      "transform_matrix": [
        [
          -0.3135838508605957,
          0.6398342847824097,
          -0.7016246318817139,
          -3.5001003742218018
        ],
        [
          -0.9495604634284973,
          -0.2112995833158493,
          0.23170529305934906,
          1.1558769941329956
        ],
        [
          0.0,
          0.7388940453529358,
          0.6738215684890747,
          3.361402750015259
        ],
        [
          0.0,
          0.0,
          0.0,
          1.0
        ]
      ]
    },
    {
      "file_path": "./camera_02/r_8",
      "transform_matrix": [
        [
          0.9005163311958313,
          -0.15348096191883087,
          0.40683409571647644,
          1.5133494138717651
        ],
        [
          0.4348222613334656,
          0.31785887479782104,
          -0.842552900314331,
          -3.1341447830200195
        ],
        [
          0.0,
          0.9356330633163452,
          0.3529740571975708,
          1.3129998445510864
        ],
        [
          0.0,
          0.0,
          0.0,
          1.0
        ]
      ]
    },
    {
      "file_path": "./camera_03/r_8",
      "transform_matrix": [
        [
          0.5100725293159485,
          0.5217443108558655,
          -0.6838193535804749,
          -2.664029836654663
        ],
        [
          -0.8601312637329102,
          0.30940327048301697,
          -0.4055165648460388,
          -1.5798152685165405
        ],
        [
          -1.4901158529312397e-08,
          0.7950173616409302,
          0.606586754322052,
          2.3631465435028076
        ],
        [
          0.0,
          0.0,
          0.0,
          1.0
        ]
      ]
    },
    {
      "file_path": "./camera_00/r_9",
      "transform_matrix": [
        [
          0.8539196252822876,
          -0.011946093291044235,
          0.5202677249908447,
          1.9774094820022583
        ],
        [
          0.5204048156738281,
          0.019602054730057716,
          -0.8536946773529053,
          -3.244683027267456
        ],
        [
          0.0,
          0.999736487865448,
          0.022955384105443954,
          0.08724775910377502
        ],
        [
          0.0,
          0.0,
          0.0,
          1.0
        ]
      ]
    },
    {
      "file_path": "./camera_01/r_9",
      "transform_matrix": [
        [
          -0.3135838508605957,
          0.6398342847824097,
          -0.7016246318817139,
          -3.5001003742218018
        ],
        [
          -0.9495604634284973,
          -0.2112995833158493,
          0.23170529305934906,
          1.1558769941329956
        ],
        [
          0.0,
          0.7388940453529358,
          0.6738215684890747,
          3.361402750015259
        ],
        [
          0.0,
          0.0,
          0.0,
          1.0
        ]
      ]
    },
    {
      "file_path": "./camera_02/r_9",
      "transform_matrix": [
        [
          0.9005163311958313,
          -0.15348096191883087,
          0.40683409571647644,
          1.5133494138717651
        ],
        [
          0.4348222613334656,
          0.31785887479782104,
          -0.842552900314331,
          -3.1341447830200195
        ],
        [
          0.0,
          0.9356330633163452,
          0.3529740571975708,
          1.3129998445510864
        ],
        [
          0.0,
          0.0,
          0.0,
          1.0
        ]
      ]
    },
    {
      "file_path": "./camera_03/r_9",
      "transform_matrix": [
        [
          0.5100725293159485,
          0.5217443108558655,
          -0.6838193535804749,
          -2.664029836654663
        ],
        [
          -0.8601312637329102,
          0.30940327048301697,
          -0.4055165648460388,
          -1.5798152685165405
        ],
        [
          -1.4901158529312397e-08,
          0.7950173616409302,
          0.606586754322052,
          2.3631465435028076
        ],
        [
          0.0,
          0.0,
          0.0,
          1.0
        ]
      ]
    },
    {
      "file_path": "./camera_00/r_10",
      "transform_matrix": [
        [
          0.8539196252822876,
          -0.011946093291044235,
          0.5202677249908447,
          1.9774094820022583
        ],
        [
          0.5204048156738281,
          0.019602054730057716,
          -0.8536946773529053,
          -3.244683027267456
        ],
        [
          0.0,
          0.999736487865448,
          0.022955384105443954,
          0.08724775910377502
        ],
        [
          0.0,
          0.0,
          0.0,
          1.0
        ]
      ]
    },
    {
      "file_path": "./camera_01/r_10",
      "transform_matrix": [
        [
          -0.3135838508605957,
          0.6398342847824097,
          -0.7016246318817139,
          -3.5001003742218018
        ],
        [
          -0.9495604634284973,
          -0.2112995833158493,
          0.23170529305934906,
          1.1558769941329956
        ],
        [
          0.0,
          0.7388940453529358,
          0.6738215684890747,
          3.361402750015259
        ],
        [
          0.0,
          0.0,
          0.0,
          1.0
        ]
      ]
    },
    {
      "file_path": "./camera_02/r_10",
      "transform_matrix": [
        [
          0.9005163311958313,
          -0.15348096191883087,
          0.40683409571647644,
          1.5133494138717651
        ],
        [
          0.4348222613334656,
          0.31785887479782104,
          -0.842552900314331,
          -3.1341447830200195
        ],
        [
          0.0,
          0.9356330633163452,
          0.3529740571975708,
          1.3129998445510864
        ],
        [
          0.0,
          0.0,
          0.0,
          1.0
        ]
      ]
    },
    {
      "file_path": "./camera_03/r_10",
      "transform_matrix": [
        [
          0.5100725293159485,
          0.5217443108558655,
          -0.6838193535804749,
          -2.664029836654663
        ],
        [
          -0.8601312637329102,
          0.30940327048301697,
          -0.4055165648460388,
          -1.5798152685165405
        ],
        [
          -1.4901158529312397e-08,
          0.7950173616409302,
          0.606586754322052,
          2.3631465435028076
        ],
        [
          0.0,
          0.0,
          0.0,
          1.0
        ]
      ]
    },
    {
      "file_path": "./camera_00/r_11",
      "transform_matrix": [
        [
          0.8539196252822876,
          -0.011946093291044235,
          0.5202677249908447,
          1.9774094820022583
        ],
        [
          0.5204048156738281,
          0.019602054730057716,
          -0.8536946773529053,
          -3.244683027267456
        ],
        [
          0.0,
          0.999736487865448,
          0.022955384105443954,
          0.08724775910377502
        ],
        [
          0.0,
          0.0,
          0.0,
          1.0
        ]
      ]
    },
    {
      "file_path": "./camera_01/r_11",
      "transform_matrix": [
        [
          -0.3135838508605957,
          0.6398342847824097,
          -0.7016246318817139,
          -3.5001003742218018
        ],
        [
          -0.9495604634284973,
          -0.2112995833158493,
          0.23170529305934906,
          1.1558769941329956
        ],
        [
          0.0,
          0.7388940453529358,
          0.6738215684890747,
          3.361402750015259
        ],
        [
          0.0,
          0.0,
          0.0,
          1.0
        ]
      ]
    },
    {
      "file_path": "./camera_02/r_11",
      "transform_matrix": [
        [
          0.9005163311958313,
          -0.15348096191883087,
          0.40683409571647644,
          1.5133494138717651
        ],
        [
          0.4348222613334656,
          0.31785887479782104,
          -0.842552900314331,
          -3.1341447830200195
        ],
        [
          0.0,
          0.9356330633163452,
          0.3529740571975708,
          1.3129998445510864
        ],
        [
          0.0,
          0.0,
          0.0,
          1.0
        ]
      ]
    },
    {
      "file_path": "./camera_03/r_11",
      "transform_matrix": [
        [
          0.5100725293159485,
          0.5217443108558655,
          -0.6838193535804749,
          -2.664029836654663
        ],
        [
          -0.8601312637329102,
          0.30940327048301697,
          -0.4055165648460388,
          -1.5798152685165405
        ],
        [
          -1.4901158529312397e-08,
          0.7950173616409302,
          0.606586754322052,
          2.3631465435028076
        ],
        [
          0.0,
          0.0,
          0.0,
          1.0
        ]
      ]
    },
    {
      "file_path": "./camera_00/r_12",
      "transform_matrix": [
        [
          0.8539196252822876,
          -0.011946093291044235,
          0.5202677249908447,
          1.9774094820022583
        ],
        [
          0.5204048156738281,
          0.019602054730057716,
          -0.8536946773529053,
          -3.244683027267456
        ],
        [
          0.0,
          0.999736487865448,
          0.022955384105443954,
          0.08724775910377502
        ],
        [
          0.0,
          0.0,
          0.0,
          1.0
        ]
      ]
    },
    {
      "file_path": "./camera_01/r_12",
      "transform_matrix": [
        [
          -0.3135838508605957,
          0.6398342847824097,
          -0.7016246318817139,
          -3.5001003742218018
        ],
        [
          -0.9495604634284973,
          -0.2112995833158493,
          0.23170529305934906,
          1.1558769941329956
        ],
        [
          0.0,
          0.7388940453529358,
          0.6738215684890747,
          3.361402750015259
        ],
        [
          0.0,
          0.0,
          0.0,
          1.0
        ]
      ]
    },
    {
      "file_path": "./camera_02/r_12",
      "transform_matrix": [
        [
          0.9005163311958313,
          -0.15348096191883087,
          0.40683409571647644,
          1.5133494138717651
        ],
        [
          0.4348222613334656,
          0.31785887479782104,
          -0.842552900314331,
          -3.1341447830200195
        ],
        [
          0.0,
          0.9356330633163452,
          0.3529740571975708,
          1.3129998445510864
        ],
        [
          0.0,
          0.0,
          0.0,
          1.0
        ]
      ]
    },
    {
      "file_path": "./camera_03/r_12",
      "transform_matrix": [
        [
          0.5100725293159485,
          0.5217443108558655,
          -0.6838193535804749,
          -2.664029836654663
        ],
        [
          -0.8601312637329102,
          0.30940327048301697,
          -0.4055165648460388,
          -1.5798152685165405
        ],
        [
          -1.4901158529312397e-08,
          0.7950173616409302,
          0.606586754322052,
          2.3631465435028076
        ],
        [
          0.0,
          0.0,
          0.0,
          1.0
        ]
      ]
    },
    {
      "file_path": "./camera_00/r_13",
      "transform_matrix": [
        [
          0.8539196252822876,
          -0.011946093291044235,
          0.5202677249908447,
          1.9774094820022583
        ],
        [
          0.5204048156738281,
          0.019602054730057716,
          -0.8536946773529053,
          -3.244683027267456
        ],
        [
          0.0,
          0.999736487865448,
          0.022955384105443954,
          0.08724775910377502
        ],
        [
          0.0,
          0.0,
          0.0,
          1.0
        ]
      ]
    },
    {
      "file_path": "./camera_01/r_13",
      "transform_matrix": [
        [
          -0.3135838508605957,
          0.6398342847824097,
          -0.7016246318817139,
          -3.5001003742218018
        ],
        [
          -0.9495604634284973,
          -0.2112995833158493,
          0.23170529305934906,
          1.1558769941329956
        ],
        [
          0.0,
          0.7388940453529358,
          0.6738215684890747,
          3.361402750015259
        ],
        [
          0.0,
          0.0,
          0.0,
          1.0
        ]
      ]
    },
    {
      "file_path": "./camera_02/r_13",
      "transform_matrix": [
        [
          0.9005163311958313,
          -0.15348096191883087,
          0.40683409571647644,
          1.5133494138717651
        ],
        [
          0.4348222613334656,
          0.31785887479782104,
          -0.842552900314331,
          -3.1341447830200195
        ],
        [
          0.0,
          0.9356330633163452,
          0.3529740571975708,
          1.3129998445510864
        ],
        [
          0.0,
          0.0,
          0.0,
          1.0
        ]
      ]
    },
    {
      "file_path": "./camera_03/r_13",
      "transform_matrix": [
        [
          0.5100725293159485,
          0.5217443108558655,
          -0.6838193535804749,
          -2.664029836654663
        ],
        [
          -0.8601312637329102,
          0.30940327048301697,
          -0.4055165648460388,
          -1.5798152685165405
        ],
        [
          -1.4901158529312397e-08,
          0.7950173616409302,
          0.606586754322052,
          2.3631465435028076
        ],
        [
          0.0,
          0.0,
          0.0,
          1.0
        ]
      ]
    },
    {
      "file_path": "./camera_00/r_14",
      "transform_matrix": [
        [
          0.8539196252822876,
          -0.011946093291044235,
          0.5202677249908447,
          1.9774094820022583
        ],
        [
          0.5204048156738281,
          0.019602054730057716,
          -0.8536946773529053,
          -3.244683027267456
        ],
        [
          0.0,
          0.999736487865448,
          0.022955384105443954,
          0.08724775910377502
        ],
        [
          0.0,
          0.0,
          0.0,
          1.0
        ]
      ]
    },
    {
      "file_path": "./camera_01/r_14",
      "transform_matrix": [
        [
          -0.3135838508605957,
          0.6398342847824097,
          -0.7016246318817139,
          -3.5001003742218018
        ],
        [
          -0.9495604634284973,
          -0.2112995833158493,
          0.23170529305934906,
          1.1558769941329956
        ],
        [
          0.0,
          0.7388940453529358,
          0.6738215684890747,
          3.361402750015259
        ],
        [
          0.0,
          0.0,
          0.0,
          1.0
        ]
      ]
    },
    {
      "file_path": "./camera_02/r_14",
      "transform_matrix": [
        [
          0.9005163311958313,
          -0.15348096191883087,
          0.40683409571647644,
          1.5133494138717651
        ],
        [
          0.4348222613334656,
          0.31785887479782104,
          -0.842552900314331,
          -3.1341447830200195
        ],
        [
          0.0,
          0.9356330633163452,
          0.3529740571975708,
          1.3129998445510864
        ],
        [
          0.0,
          0.0,
          0.0,
          1.0
        ]
      ]
    },
    {
      "file_path": "./camera_03/r_14",
      "transform_matrix": [
        [
          0.5100725293159485,
          0.5217443108558655,
          -0.6838193535804749,
          -2.664029836654663
        ],
        [
          -0.8601312637329102,
          0.30940327048301697,
          -0.4055165648460388,
          -1.5798152685165405
        ],
        [
          -1.4901158529312397e-08,
          0.7950173616409302,
          0.606586754322052,
          2.3631465435028076
        ],
        [
          0.0,
          0.0,
          0.0,
          1.0
        ]
      ]
    },
    {
      "file_path": "./camera_00/r_15",
      "transform_matrix": [
        [
          0.8539196252822876,
          -0.011946093291044235,
          0.5202677249908447,
          1.9774094820022583
        ],
        [
          0.5204048156738281,
          0.019602054730057716,
          -0.8536946773529053,
          -3.244683027267456
        ],
        [
          0.0,
          0.999736487865448,
          0.022955384105443954,
          0.08724775910377502
        ],
        [
          0.0,
          0.0,
          0.0,
          1.0
        ]
      ]
    },
    {
      "file_path": "./camera_01/r_15",
      "transform_matrix": [
        [
          -0.3135838508605957,
          0.6398342847824097,
          -0.7016246318817139,
          -3.5001003742218018
        ],
        [
          -0.9495604634284973,
          -0.2112995833158493,
          0.23170529305934906,
          1.1558769941329956
        ],
        [
          0.0,
          0.7388940453529358,
          0.6738215684890747,
          3.361402750015259
        ],
        [
          0.0,
          0.0,
          0.0,
          1.0
        ]
      ]
    },
    {
      "file_path": "./camera_02/r_15",
      "transform_matrix": [
        [
          0.9005163311958313,
          -0.15348096191883087,
          0.40683409571647644,
          1.5133494138717651
        ],
        [
          0.4348222613334656,
          0.31785887479782104,
          -0.842552900314331,
          -3.1341447830200195
        ],
        [
          0.0,
          0.9356330633163452,
          0.3529740571975708,
          1.3129998445510864
        ],
        [
          0.0,
          0.0,
          0.0,
          1.0
        ]
      ]
    },
    {
      "file_path": "./camera_03/r_15",
      "transform_matrix": [
        [
          0.5100725293159485,
          0.5217443108558655,
          -0.6838193535804749,
          -2.664029836654663
        ],
        [
          -0.8601312637329102,
          0.30940327048301697,
          -0.4055165648460388,
          -1.5798152685165405
        ],
        [
          -1.4901158529312397e-08,
          0.7950173616409302,
          0.606586754322052,
          2.3631465435028076
        ],
        [
          0.0,
          0.0,
          0.0,
          1.0
        ]
      ]
    },
    {
      "file_path": "./camera_00/r_16",
      "transform_matrix": [
        [
          0.8539196252822876,
          -0.011946093291044235,
          0.5202677249908447,
          1.9774094820022583
        ],
        [
          0.5204048156738281,
          0.019602054730057716,
          -0.8536946773529053,
          -3.244683027267456
        ],
        [
          0.0,
          0.999736487865448,
          0.022955384105443954,
          0.08724775910377502
        ],
        [
          0.0,
          0.0,
          0.0,
          1.0
        ]
      ]
    },
    {
      "file_path": "./camera_01/r_16",
      "transform_matrix": [
        [
          -0.3135838508605957,
          0.6398342847824097,
          -0.7016246318817139,
          -3.5001003742218018
        ],
        [
          -0.9495604634284973,
          -0.2112995833158493,
          0.23170529305934906,
          1.1558769941329956
        ],
        [
          0.0,
          0.7388940453529358,
          0.6738215684890747,
          3.361402750015259
        ],
        [
          0.0,
          0.0,
          0.0,
          1.0
        ]
      ]
    },
    {
      "file_path": "./camera_02/r_16",
      "transform_matrix": [
        [
          0.9005163311958313,
          -0.15348096191883087,
          0.40683409571647644,
          1.5133494138717651
        ],
        [
          0.4348222613334656,
          0.31785887479782104,
          -0.842552900314331,
          -3.1341447830200195
        ],
        [
          0.0,
          0.9356330633163452,
          0.3529740571975708,
          1.3129998445510864
        ],
        [
          0.0,
          0.0,
          0.0,
          1.0
        ]
      ]
    },
    {
      "file_path": "./camera_03/r_16",
      "transform_matrix": [
        [
          0.5100725293159485,
          0.5217443108558655,
          -0.6838193535804749,
          -2.664029836654663
        ],
        [
          -0.8601312637329102,
          0.30940327048301697,
          -0.4055165648460388,
          -1.5798152685165405
        ],
        [
          -1.4901158529312397e-08,
          0.7950173616409302,
          0.606586754322052,
          2.3631465435028076
        ],
        [
          0.0,
          0.0,
          0.0,
          1.0
        ]
      ]
    },
    {
      "file_path": "./camera_00/r_17",
      "transform_matrix": [
        [
          0.8539196252822876,
          -0.011946093291044235,
          0.5202677249908447,
          1.9774094820022583
        ],
        [
          0.5204048156738281,
          0.019602054730057716,
          -0.8536946773529053,
          -3.244683027267456
        ],
        [
