wandb_version: 1

tv_train_weight:
  value: 0.007725450334091339
tv_weight:
  value: 0.009623874782759076
