wandb_version: 1

tv_train_weight:
  value: 0.0030027504361433157
tv_weight:
  value: 0.009308574728307898
