wandb_version: 1

tv_train_weight:
  value: 0.009587123153876
tv_weight:
  value: 0.009606813362060157
