wandb_version: 1

tv_train_weight:
  value: 0.00388490587335788
tv_weight:
  value: 0.005269571475105007
