wandb_version: 1

tv_train_weight:
  value: 0.008297536073285474
tv_weight:
  value: 0.004859643877347306
