wandb_version: 1

tv_train_weight:
  value: 0.007308106940522617
tv_weight:
  value: 0.00796095798680452
