wandb_version: 1

tv_train_weight:
  value: 0.00745687609965821
tv_weight:
  value: 0.009487711515233624
