wandb_version: 1

tv_train_weight:
  value: 0.0050738643905195654
tv_weight:
  value: 0.008664391011655904
