wandb_version: 1

tv_train_weight:
  value: 0.004179095273792943
tv_weight:
  value: 0.0022365969084168213
