wandb_version: 1

tv_train_weight:
  value: 0.007580056214177317
tv_weight:
  value: 0.001895202031928145
