wandb_version: 1

tv_train_weight:
  value: 0.0039011385598145057
tv_weight:
  value: 0.008635752314546101
