wandb_version: 1

tv_train_weight:
  value: 0.0029860638596585776
tv_weight:
  value: 0.003498346340919941
