wandb_version: 1

tv_train_weight:
  value: 0.009688845203487702
tv_weight:
  value: 0.006315676567723954
