wandb_version: 1

tv_train_weight:
  value: 0.0009226550634909536
tv_weight:
  value: 0.008910615269109192
