wandb_version: 1

tv_train_weight:
  value: 0.008595349441954
tv_weight:
  value: 0.00973318576336286
