wandb_version: 1

tv_train_weight:
  value: 0.005708668711893392
tv_weight:
  value: 0.00935997945638868
