wandb_version: 1

tv_train_weight:
  value: 0.0057096417685615
tv_weight:
  value: 0.003200363832265926
