wandb_version: 1

tv_train_weight:
  value: 0.0019423074129698737
tv_weight:
  value: 0.003370353785966269
