wandb_version: 1

tv_train_weight:
  value: 0.004573008646742884
tv_weight:
  value: 0.006541903166020275
