wandb_version: 1

tv_train_weight:
  value: 0.004012478203913867
tv_weight:
  value: 0.003565406208462649
