wandb_version: 1

tv_train_weight:
  value: 0.007059791672700911
tv_weight:
  value: 0.007123969614902863
