wandb_version: 1

tv_train_weight:
  value: 0.0023929619620618892
tv_weight:
  value: 0.007220544127551864
