wandb_version: 1

tv_train_weight:
  value: 0.0033295806850825492
tv_weight:
  value: 0.009816998057058582
