wandb_version: 1

tv_train_weight:
  value: 0.005045204970126967
tv_weight:
  value: 0.0030898981019254336
