wandb_version: 1

tv_train_weight:
  value: 0.0054130724999375
tv_weight:
  value: 0.0011714718108649714
