wandb_version: 1

tv_train_weight:
  value: 0.005172410692760376
tv_weight:
  value: 0.007229192788150836
