wandb_version: 1

tv_train_weight:
  value: 0.008574748371400556
tv_weight:
  value: 0.00971104096380547
