wandb_version: 1

tv_train_weight:
  value: 0.007764968742670274
tv_weight:
  value: 0.009534177831128057
