wandb_version: 1

tv_train_weight:
  value: 0.003141605443299741
tv_weight:
  value: 0.0070992292904617435
