wandb_version: 1

tv_train_weight:
  value: 0.004556460148810714
tv_weight:
  value: 0.0036744597760875655
