wandb_version: 1

tv_train_weight:
  value: 0.0010980136798973783
tv_weight:
  value: 0.008321165574496584
