wandb_version: 1

tv_train_weight:
  value: 0.002542540510924507
tv_weight:
  value: 0.0061359689969248355
