wandb_version: 1

tv_train_weight:
  value: 0.004304697331364658
tv_weight:
  value: 0.0031329268828266844
