wandb_version: 1

tv_train_weight:
  value: 0.009658985981047497
tv_weight:
  value: 0.0035678429074866105
