wandb_version: 1

tv_train_weight:
  value: 0.0024663777195539703
tv_weight:
  value: 0.0028225704203554657
