wandb_version: 1

tv_train_weight:
  value: 0.007411682912004938
tv_weight:
  value: 0.009544801888419266
