wandb_version: 1

tv_train_weight:
  value: 0.00605249341550276
tv_weight:
  value: 0.005280223861269464
