wandb_version: 1

tv_train_weight:
  value: 0.00766621239731503
tv_weight:
  value: 0.008235783954685178
