wandb_version: 1

tv_train_weight:
  value: 0.0010259022706348997
tv_weight:
  value: 0.002676328605181031
