wandb_version: 1

tv_train_weight:
  value: 0.0023066763848910523
tv_weight:
  value: 0.002840594794772472
